#Fri Sep 24 09:48:38 EDT 2021
bnd.released_date=09/24/2021
coor_system=geographic
description=NJVAmab33_8301
horz=NAD83
maxlat=39.3640000000
maxlon=286.4100000000
minlat=36.7440000000
minlon=284.2800000000
source=NJVAmab33_8301
tidal.released_date=09/24/2021
tidal_epoch=1983-2001
tss.released_date=09/24/2021
