#Fri Sep 24 09:47:23 EDT 2021
bnd.released_date=09/24/2021
coor_system=geographic
description=MDnwchb11_8301
horz=NAD83
maxlat=39.4820000000
maxlon=283.8710000000
minlat=37.8980000000
minlon=282.6190000000
source=MDnwchb11_8301
tidal.released_date=09/24/2021
tidal_epoch=1983-2001
tss.released_date=09/24/2021
