#Fri Sep 24 09:48:11 EDT 2021
bnd.released_date=09/24/2021
coor_system=geographic
description=NJscstemb32_8301
horz=NAD83
maxlat=39.4670000000
maxlon=285.6415000000
minlat=38.8980000000
minlon=285.0780000000
source=NJscstemb32_8301
tidal.released_date=09/24/2021
tidal_epoch=1983-2001
tss.released_date=09/24/2021
