#Fri Sep 24 09:46:19 EDT 2021
bnd.released_date=09/24/2021
coor_system=geographic
description=DEdelbay33_8301
horz=NAD83
maxlat=40.2540000000
maxlon=285.3040000000
minlat=38.7480000000
minlon=284.3680000000
source=DEdelbay33_8301
tidal.released_date=09/24/2021
tidal_epoch=1983-2001
tss.released_date=09/24/2021
