#Fri Sep 24 09:49:08 EDT 2021
bnd.released_date=09/24/2021
coor_system=geographic
description=VAswchb11_8301
horz=NAD83
maxlat=38.2328000000
maxlon=283.8732000000
minlat=36.7280000000
minlon=282.5580000000
source=VAswchb11_8301
tidal.released_date=09/24/2021
tidal_epoch=1983-2001
tss.released_date=09/24/2021
