#Fri Sep 24 09:47:46 EDT 2021
bnd.released_date=09/24/2021
coor_system=geographic
description=MDVAechb11_8301
horz=NAD83
maxlat=39.6160000000
maxlon=284.4028000000
minlat=36.7260000000
minlon=283.5580000000
source=MDVAechb11_8301
tidal.released_date=09/24/2021
tidal_epoch=1983-2001
tss.released_date=09/24/2021
